1720.00
2360.00
4090.00
4210.00
4480.00
4610.00
4750.00
4790.00
4930.00
5500.00
5660.00
6580.00
6970.00
7360.00
7560.00
7860.00
8140.00
9130.00
9720.00
10930.00
13410.00
13550.00
13700.00
14110.00
14530.00
15270.00
15290.00
16370.00
17590.00
17620.00
18960.00
19560.00
20030.00
22080.00
22190.00
22670.00
22690.00
22800.00
22820.00
24560.00
24700.00
24710.00
25080.00
25100.00
25130.00
25220.00
25290.00
28320.00
30810.00
30840.00
31590.00
31720.00
32210.00
32430.00
33300.00
33640.00
34430.00
35070.00
35080.00
35140.00
35560.00
35930.00
36070.00
37030.00
38060.00
38760.00
39580.00
39850.00
40090.00
40600.00
40620.00
42040.00
42280.00
42550.00
42860.00
42960.00
44290.00
44490.00
44940.00
45010.00
45140.00
45150.00
45330.00
45360.00
45430.00
45540.00
45900.00
46830.00
46860.00
46900.00
47090.00
47260.00
47640.00
47690.00
49380.00
49550.00
49860.00
50120.00
50310.00
50430.00
50460.00
51290.00
52040.00
52750.00
52940.00
53900.00
54730.00
54770.00
54930.00
55270.00
56270.00
58610.00
58910.00
59490.00
59840.00
60120.00
60140.00
60170.00
61430.00
62680.00
62840.00
62850.00
62950.00
62970.00
63490.00
64930.00
65090.00
65130.00
65320.00
65640.00
65900.00
67860.00
67880.00
67920.00
68380.00
68480.00
69490.00
69540.00
70050.00
70860.00
71250.00
71350.00
71520.00
71630.00
71650.00
72060.00
72740.00
72810.00
72960.00
73310.00
73850.00
74370.00
74540.00
74650.00
74960.00
76040.00
76360.00
76780.00
77070.00
77400.00
77800.00
77860.00
78920.00
78940.00
80820.00
80940.00
80990.00
81020.00
81830.00
81920.00
81940.00
81960.00
81980.00
82750.00
82970.00
82990.00
83210.00
83570.00
83780.00
84230.00
84390.00
84500.00
84590.00
84610.00
84980.00
85060.00
85180.00
85200.00
85230.00
85400.00
85450.00
85790.00
85920.00
86630.00
86750.00
87200.00
88000.00
88090.00
88580.00
89000.00
90190.00
90210.00
90290.00
90480.00
90520.00
90650.00
91710.00
92090.00
92200.00
92790.00
93120.00
93660.00
93680.00
93710.00
93860.00
93890.00
93970.00
94380.00
94430.00
94450.00
94620.00
94830.00
94860.00
95050.00
95230.00
95420.00
95530.00
95600.00
95680.00
95770.00
95980.00
96000.00
96210.00
96350.00
96480.00
96640.00
97020.00
97130.00
97440.00
97630.00
97840.00
98930.00
99370.00
100080.00
100650.00
100700.00
101340.00
101480.00
102240.00
102630.00
104240.00
104390.00
105110.00
105140.00
105280.00
105640.00
105900.00
106840.00
107560.00
107570.00
107730.00
107760.00
107810.00
107820.00
108260.00
108340.00
108620.00
108700.00
109060.00
109080.00
109360.00
109490.00
109970.00
109990.00
110310.00
110420.00
110470.00
111260.00
112030.00
113500.00
113760.00
113790.00
115300.00
116250.00
116380.00
116600.00
116760.00
117030.00
117990.00
118010.00
118050.00
119520.00
119900.00
120450.00
120610.00
120620.00
121590.00
121650.00
121950.00
122000.00
122070.00
122080.00
122800.00
123440.00
123660.00
124220.00
124500.00
124940.00
125250.00
125280.00
126530.00
126970.00
127100.00
127530.00
127620.00
127650.00
127760.00
127890.00
127910.00
128370.00
128660.00
128780.00
128810.00
129100.00
129150.00
129810.00
130230.00
130390.00
130430.00
131360.00
131480.00
131510.00
131620.00
131870.00
131890.00
132080.00
132100.00
132850.00
132910.00
132990.00
133450.00
134100.00
134260.00
134300.00
134320.00
134940.00
135280.00
135310.00
135390.00
135410.00
135450.00
135570.00
135650.00
136410.00
136630.00
138520.00
139190.00
140120.00
140130.00
140160.00
140480.00
140510.00
140560.00
140940.00
141280.00
141880.00
143400.00
143580.00
144140.00
144470.00
145300.00
145430.00
146070.00
146530.00
146650.00
146770.00
147140.00
147740.00
148110.00
148130.00
148710.00
149060.00
149250.00
149350.00
150280.00
150450.00
150460.00
150500.00
151220.00
151280.00
151320.00
151590.00
151740.00
152130.00
152290.00
152650.00
152670.00
152690.00
152790.00
153060.00
153080.00
153250.00
153410.00
153430.00
154320.00
154340.00
154480.00
154520.00
154540.00
154640.00
155200.00
155270.00
155520.00
156300.00
156920.00
156950.00
157050.00
157460.00
157700.00
157980.00
158010.00
159000.00
159540.00
159790.00
162590.00
162960.00
163480.00
163530.00
163620.00
163980.00
164760.00
165050.00
165320.00
165340.00
165740.00
165840.00
166410.00
166600.00
166610.00
166920.00
167410.00
168160.00
168630.00
169080.00
169740.00
169890.00
169910.00
170140.00
170160.00
170280.00
170300.00
170340.00
170380.00
170390.00
170970.00
171130.00
171170.00
172010.00
172170.00
172580.00
172650.00
172910.00
173050.00
173240.00
173720.00
175180.00
176200.00
176770.00
177130.00
177350.00
177790.00
177810.00
178010.00
178390.00
178460.00
179570.00
179810.00
180440.00
180510.00
183270.00
183840.00
183860.00
184550.00
184600.00
185210.00
185850.00
186310.00
186590.00
186750.00
186890.00
186920.00
187120.00
187420.00
187580.00
187590.00
188330.00
188360.00
188480.00
188500.00
188640.00
188750.00
188870.00
189180.00
189190.00
189300.00
190260.00
190350.00
191350.00
191660.00
191890.00
193420.00
193520.00
193620.00
194200.00
194570.00
194670.00
194690.00
195160.00
195630.00
195660.00
195960.00
196090.00
196100.00
196370.00
196600.00
196680.00
196860.00
196940.00
197100.00
197900.00
198140.00
198360.00
198420.00
198700.00
199350.00
199510.00
199740.00
199760.00
199880.00
199910.00
200530.00
200560.00
200850.00
200920.00
200950.00
200970.00
201430.00
202050.00
204660.00
204900.00
205450.00
206210.00
206690.00
207080.00
207170.00
207510.00
209000.00
209030.00
209060.00
209080.00
209130.00
210950.00
211520.00
211670.00
211770.00
212530.00
212640.00
212670.00
212910.00
213050.00
213060.00
213080.00
214250.00
214740.00
214760.00
214860.00
215140.00
215170.00
215500.00
215590.00
216210.00
216240.00
217670.00
219220.00
220200.00
220640.00
220940.00
221640.00
221700.00
222700.00
222870.00
222880.00
222900.00
223000.00
223590.00
225070.00
225220.00
225400.00
226600.00
227030.00
227690.00
227850.00
227870.00
228040.00
228050.00
228480.00
228840.00
230050.00
230060.00
230240.00
230280.00
230330.00
230460.00
231970.00
232000.00
232600.00
232630.00
232810.00
232830.00
232940.00
233130.00
234350.00
234380.00
234950.00
235300.00
235330.00
237260.00
237380.00
238680.00
239320.00
241160.00
241310.00
241580.00
241650.00
242440.00
242810.00
243080.00
243730.00
243920.00
244210.00
244460.00
244490.00
244750.00
244780.00
245230.00
246370.00
246530.00
247380.00
249470.00
249580.00
250220.00
250530.00
250950.00
250980.00
252120.00
253610.00
253740.00
253750.00
253760.00
253980.00
255170.00
255340.00
255680.00
256240.00
256280.00
256360.00
256640.00
256740.00
257120.00
259360.00
259510.00
260200.00
260310.00
260350.00
260490.00
260960.00
261000.00
261350.00
262930.00
263460.00
263660.00
263690.00
264020.00
264050.00
264210.00
264230.00
264430.00
264750.00
266240.00
268450.00
268460.00
269880.00
269940.00
270050.00
270290.00
270940.00
271050.00
271210.00
271600.00
271730.00
271860.00
272830.00
273110.00
273130.00
273260.00
273270.00
273830.00
273970.00
275130.00
275270.00
275900.00
275920.00
275950.00
276140.00
276830.00
277310.00
277540.00
279780.00
280520.00
281170.00
281350.00
282190.00
283260.00
283540.00
283830.00
283890.00
283910.00
283930.00
284370.00
284400.00
284490.00
284620.00
284760.00
284790.00
284910.00
285500.00
285520.00
285850.00
285940.00
286090.00
286690.00
286710.00
287310.00
287550.00
287570.00
287660.00
287680.00
287740.00
288170.00
288490.00
289120.00
289390.00
289420.00
290290.00
290320.00
290460.00
290500.00
290660.00
290820.00
291760.00
292360.00
292640.00
293060.00
293330.00
293530.00
293920.00
294270.00
294670.00
295300.00
295330.00
295420.00
295470.00
295710.00
295760.00
296230.00
296550.00
296810.00
297340.00
297940.00
298000.00
298190.00
298410.00
299450.00
299480.00
299620.00
299990.00
300410.00
300690.00
300780.00
301200.00
301840.00
302380.00
302400.00
303010.00
303480.00
303590.00
303850.00
304530.00
305560.00
305720.00
305750.00
305840.00
305940.00
306340.00
306750.00
306840.00
307300.00
307410.00
307510.00
307680.00
307900.00
307930.00
308010.00
308050.00
308180.00
308450.00
309580.00
309820.00
309860.00
310100.00
310240.00
311100.00
311120.00
311620.00
311900.00
312540.00
313080.00
313580.00
315180.00
315570.00
316070.00
316150.00
316520.00
316870.00
317300.00
317530.00
317670.00
318410.00
318490.00
319620.00
319940.00
320220.00
320240.00
320510.00
320540.00
320660.00
320940.00
320970.00
321120.00
323400.00
323690.00
324290.00
324360.00
324870.00
325610.00
325630.00
326110.00
326850.00
327080.00
327100.00
327110.00
327670.00
327740.00
327790.00
328090.00
328400.00
329130.00
329260.00
329650.00
330880.00
331010.00
331390.00
331630.00
331920.00
332510.00
333100.00
333110.00
333140.00
333360.00
333490.00
333620.00
335560.00
335640.00
335650.00
336010.00
336090.00
336390.00
336550.00
336700.00
336830.00
336940.00
337540.00
337930.00
338170.00
338290.00
338320.00
338350.00
338430.00
339280.00
340230.00
340260.00
340370.00
340390.00
340630.00
340840.00
340880.00
340970.00
341940.00
342170.00
342570.00
342630.00
343030.00
343120.00
344720.00
345070.00
345230.00
345460.00
346150.00
346980.00
347460.00
347510.00
347900.00
348330.00
348400.00
348480.00
348750.00
349050.00
349650.00
349670.00
350010.00
350030.00
350100.00
350110.00
350240.00
350260.00
350630.00
351310.00
351340.00
351990.00
353480.00
353490.00
353540.00
353550.00
353560.00
354200.00
354220.00
354380.00
354540.00
354920.00
354960.00
354970.00
355110.00
355180.00
355270.00
355310.00
355600.00
355800.00
356260.00
356280.00
356650.00
356940.00
356960.00
357100.00
357200.00
357220.00
357880.00
358120.00
358420.00
359430.00
360040.00
360530.00
360550.00
360830.00
360860.00
360910.00
361030.00
361210.00
361410.00
361820.00
361950.00
362050.00
363050.00
363100.00
363420.00
366730.00
367540.00
367890.00
369250.00
369620.00
369640.00
369890.00
370160.00
370400.00
371640.00
371760.00
371870.00
371910.00
372410.00
372480.00
372540.00
372610.00
372630.00
372950.00
373040.00
373060.00
373110.00
373190.00
373800.00
374210.00
374340.00
374560.00
375150.00
375270.00
375500.00
375580.00
375590.00
375870.00
376060.00
376090.00
376530.00
376560.00
377840.00
378390.00
378530.00
379170.00
379440.00
379500.00
379530.00
379780.00
380230.00
381010.00
381770.00
382310.00
382560.00
384890.00
385210.00
385380.00
386050.00
386910.00
390180.00
390340.00
391600.00
391660.00
392210.00
392320.00
392630.00
392740.00
392970.00
393010.00
393040.00
393770.00
393800.00
394060.00
394590.00
394620.00
394920.00
395190.00
395300.00
395320.00
395440.00
395590.00
395730.00
396520.00
398860.00
399490.00
399520.00
399560.00
399640.00
402480.00
402690.00
404220.00
404790.00
405260.00
405490.00
405950.00
406610.00
406850.00
406870.00
407240.00
407460.00
410260.00
410460.00
410520.00
411020.00
411160.00
411440.00
411500.00
411540.00
412140.00
412270.00
413860.00
413890.00
414030.00
414560.00
417840.00
418400.00
418560.00
419360.00
419620.00
419650.00
420410.00
422230.00
423100.00
425540.00
425670.00
425850.00
425870.00
426180.00
427070.00
427100.00
427550.00
429290.00
429320.00
429530.00
430330.00
430360.00
430990.00
431130.00
431400.00
432740.00
432760.00
433430.00
433570.00
433720.00
433870.00
434070.00
434100.00
434330.00
434380.00
434490.00
434500.00
435010.00
435040.00
435080.00
435180.00
435700.00
436570.00
436590.00
436930.00
437060.00
437620.00
437920.00
437950.00
438390.00
438490.00
438750.00
439300.00
439450.00
440040.00
440100.00
441010.00
441280.00
441320.00
441340.00
441450.00
441470.00
441840.00
441990.00
442140.00
442260.00
442520.00
442600.00
442870.00
442880.00
443390.00
443910.00
444270.00
444570.00
444970.00
445220.00
445300.00
446500.00
446600.00
446700.00
447060.00
447320.00
448440.00
449290.00
449390.00
449410.00
449520.00
450070.00
450100.00
451060.00
451410.00
452980.00
453530.00
454170.00
456640.00
456900.00
457010.00
457350.00
457590.00
458000.00
459310.00
461880.00
462000.00
462420.00
462630.00
462820.00
462890.00
462910.00
462950.00
464720.00
464740.00
466600.00
466740.00
468250.00
468260.00
468370.00
468390.00
468520.00
468660.00
468670.00
469720.00
469870.00
470260.00
471030.00
471070.00
471160.00
471280.00
471390.00
472140.00
472480.00
474940.00
476260.00
476280.00
476300.00
478540.00
478570.00
478610.00
480300.00
482020.00
482600.00
483170.00
483810.00
484510.00
484600.00
484740.00
486500.00
487000.00
487110.00
487220.00
489100.00
489620.00
489960.00
490040.00
490360.00
490700.00
490970.00
490990.00
491230.00
491650.00
492580.00
492750.00
492770.00
493490.00
493750.00
493770.00
495470.00
495500.00
495640.00
495670.00
495970.00
495990.00
497050.00
497230.00
497290.00
497430.00
497760.00
498150.00
499040.00
499340.00
499480.00
500170.00
500240.00
500560.00
500570.00
500690.00
501630.00
502530.00
502620.00
502700.00
502970.00
503040.00
504300.00
504940.00
504980.00
505030.00
505360.00
506490.00
506650.00
507220.00
507320.00
507330.00
507410.00
507440.00
509830.00
510260.00
510560.00
511080.00
511130.00
512840.00
512850.00
513790.00
514850.00
516260.00
516390.00
516620.00
516730.00
516870.00
517130.00
517400.00
518120.00
518150.00
518260.00
518370.00
518440.00
518510.00
519320.00
520040.00
520060.00
520090.00
520350.00
520360.00
520530.00
520590.00
521040.00
521460.00
521600.00
521920.00
522230.00
522350.00
523170.00
523410.00
523730.00
523740.00
524260.00
524390.00
524810.00
524910.00
524930.00
526700.00
526770.00
527000.00
527760.00
528960.00
529180.00
530020.00
530340.00
530390.00
530910.00
531030.00
531050.00
531070.00
531080.00
531230.00
531350.00
531370.00
531420.00
531540.00
531570.00
531660.00
531700.00
531720.00
532060.00
533590.00
533700.00
533950.00
537280.00
539690.00
540930.00
541560.00
542240.00
542350.00
543120.00
543140.00
544000.00
544020.00
544130.00
544630.00
544680.00
544710.00
545120.00
545570.00
545590.00
546030.00
546250.00
546270.00
546310.00
546500.00
547130.00
547590.00
547640.00
547910.00
549630.00
549770.00
550940.00
551150.00
551180.00
551620.00
552140.00
553020.00
553030.00
553150.00
554580.00
554650.00
554680.00
554840.00
555510.00
555550.00
556130.00
556440.00
556820.00
558020.00
559160.00
559290.00
559810.00
559920.00
561070.00
562140.00
563590.00
564370.00
564390.00
564450.00
564670.00
564780.00
565270.00
566350.00
566500.00
567040.00
567360.00
569400.00
569470.00
570710.00
571010.00
571670.00
573310.00
574040.00
574070.00
575020.00
575990.00
576020.00
576040.00
576270.00
576780.00
576800.00
577000.00
577110.00
577170.00
577550.00
577570.00
577990.00
578400.00
578790.00
579040.00
579740.00
581830.00
582460.00
582760.00
583230.00
583550.00
584840.00
586830.00
587070.00
587240.00
587260.00
587320.00
587340.00
587460.00
587480.00
589540.00
592560.00
593170.00
593970.00
595640.00
595650.00
595680.00
595720.00
596130.00
596160.00
596220.00
596420.00
597480.00
598130.00
598170.00
598610.00
598630.00
598940.00
599750.00
599930.00
600030.00
600100.00
600490.00
601380.00
602190.00
602210.00
602250.00
602610.00
602740.00
603990.00
604530.00
604900.00
605490.00
605770.00
605950.00
606510.00
606950.00
607210.00
607250.00
608350.00
608490.00
608630.00
608690.00
608800.00
610070.00
610090.00
610160.00
610520.00
610830.00
611110.00
611130.00
611470.00
611480.00
611790.00
612120.00
612220.00
612270.00
612300.00
612470.00
612490.00
612870.00
614190.00
614420.00
614450.00
614970.00
615980.00
615990.00
616140.00
616570.00
616700.00
616830.00
616850.00
617390.00
617410.00
618180.00
618210.00
618320.00
618590.00
619000.00
619320.00
619840.00
619860.00
619970.00
620460.00
620770.00
621580.00
621600.00
621900.00
622240.00
622570.00
622720.00
622800.00
622820.00
623470.00
623670.00
624310.00
624980.00
624990.00
