850.00
10950.00
12840.00
12880.00
12890.00
13920.00
17820.00
17830.00
18570.00
20020.00
20060.00
20270.00
21680.00
23720.00
23730.00
26830.00
27510.00
29910.00
30010.00
32940.00
37350.00
37590.00
39310.00
39320.00
42890.00
43630.00
43640.00
47090.00
47100.00
47110.00
47230.00
48560.00
49120.00
49250.00
49280.00
52150.00
55840.00
56590.00
56600.00
56690.00
56700.00
57510.00
57850.00
61990.00
62180.00
65920.00
66280.00
66290.00
70090.00
70570.00
71170.00
71320.00
72150.00
72160.00
72660.00
72670.00
73690.00
73720.00
73730.00
77400.00
77540.00
77550.00
77810.00
80230.00
84130.00
84290.00
88690.00
88700.00
95600.00
98460.00
100030.00
103400.00
103610.00
103620.00
103930.00
103980.00
108760.00
111730.00
111740.00
112390.00
114110.00
118510.00
120770.00
120780.00
120790.00
123000.00
127900.00
135210.00
138870.00
148050.00
150070.00
150080.00
153150.00
153280.00
154650.00
154710.00
154740.00
174170.00
174180.00
180630.00
188000.00
188010.00
190350.00
190360.00
190370.00
194790.00
194800.00
204710.00
204720.00
205170.00
212720.00
212730.00
230390.00
231950.00
231960.00
231980.00
231990.00
232010.00
253570.00
280200.00
303050.00
316070.00
316150.00
320020.00
337400.00
340080.00
342530.00
357020.00
359180.00
369790.00
370060.00
376290.00
385230.00
390070.00
418870.00
423140.00
429490.00
430140.00
441580.00
450970.00
450990.00
452990.00
453470.00
473300.00
494080.00
497340.00
498670.00
499890.00
500160.00
504350.00
512710.00
512770.00
523490.00
540960.00
541460.00
553340.00
555520.00
556150.00
577940.00
587990.00
592470.00
603980.00
612230.00
621900.00
622080.00
622180.00
623220.00
