240.00
1040.00
1550.00
1680.00
2430.00
2960.00
5010.00
5450.00
5700.00
5820.00
8350.00
9070.00
9890.00
13930.00
15280.00
15530.00
16290.00
16350.00
17720.00
21020.00
21590.00
22670.00
23840.00
25080.00
25570.00
25600.00
27420.00
27440.00
27980.00
28070.00
28360.00
28540.00
28840.00
28980.00
29930.00
29970.00
30030.00
30080.00
30390.00
32880.00
35590.00
35950.00
37150.00
39370.00
39390.00
39590.00
40450.00
40610.00
41960.00
42080.00
42880.00
43320.00
44760.00
45320.00
46530.00
46860.00
47830.00
48120.00
48480.00
49280.00
52370.00
52400.00
52460.00
52480.00
52750.00
53110.00
54950.00
55280.00
55500.00
55720.00
55940.00
56310.00
56320.00
56720.00
56750.00
56950.00
57490.00
58390.00
60550.00
61060.00
61850.00
63470.00
63480.00
63530.00
63720.00
63800.00
64210.00
64510.00
64960.00
66410.00
67910.00
68520.00
69130.00
69220.00
71910.00
72210.00
72630.00
73100.00
73280.00
74550.00
74860.00
74870.00
75130.00
76080.00
76250.00
76400.00
76440.00
76520.00
76780.00
77790.00
77820.00
78720.00
79990.00
80020.00
80840.00
80880.00
81220.00
81410.00
81750.00
82050.00
82630.00
83320.00
84290.00
85390.00
85910.00
87010.00
87530.00
88410.00
88420.00
89890.00
90870.00
90980.00
91810.00
91990.00
92130.00
92550.00
93650.00
93960.00
94980.00
98380.00
98410.00
98420.00
99970.00
100250.00
100260.00
101020.00
103690.00
103710.00
104260.00
105280.00
105530.00
105550.00
106130.00
106310.00
107480.00
107910.00
109950.00
109970.00
111420.00
113880.00
114120.00
115130.00
116190.00
117690.00
117700.00
118410.00
118430.00
119470.00
120920.00
121690.00
125110.00
126310.00
129010.00
129040.00
130910.00
130920.00
131350.00
131370.00
132360.00
133000.00
137050.00
137390.00
138200.00
143160.00
149900.00
150180.00
150520.00
151940.00
151950.00
158020.00
158050.00
160630.00
160650.00
163470.00
165250.00
171110.00
173210.00
173230.00
182960.00
189660.00
192770.00
195680.00
195690.00
197170.00
204950.00
233410.00
233500.00
233510.00
236230.00
242460.00
242480.00
242930.00
244470.00
244630.00
244650.00
255410.00
260310.00
262410.00
262450.00
262510.00
262770.00
266540.00
269840.00
273380.00
280070.00
280100.00
280300.00
280310.00
283910.00
285530.00
310300.00
311120.00
311160.00
320950.00
340110.00
340120.00
342300.00
345160.00
345260.00
350970.00
353490.00
369580.00
375580.00
376460.00
377860.00
377880.00
377940.00
390350.00
392930.00
422630.00
470970.00
470980.00
471010.00
471250.00
497270.00
497290.00
520460.00
530980.00
532100.00
532110.00
547590.00
547600.00
548260.00
548530.00
548550.00
548580.00
564100.00
564440.00
613780.00
613790.00
615980.00
